#t         x          y          z          vx         vy         vz         
      0.000   -476.210    491.430   -412.410     44.560    101.430    141.060
      0.071   -472.970    498.950   -402.050     48.460    107.430    147.350
      0.143   -469.290    506.760   -391.420     57.830    111.690    150.650
      0.214   -465.060    515.040   -380.300     62.750    116.800    160.330
      0.286   -460.110    523.460   -368.460     72.110    124.280    172.060
      0.357   -454.580    532.620   -355.720     82.540    129.360    184.200
      0.429   -448.090    541.960   -342.350     95.450    134.100    191.750
      0.500   -440.870    551.440   -328.500    107.540    133.960    201.780
      0.571   -432.470    561.130   -313.960    131.170    137.070    211.040
      0.643   -422.380    570.870   -298.350    152.080    135.310    223.160
      0.714   -410.510    580.360   -281.700    177.880    127.280    236.820
      0.786   -396.760    588.900   -264.590    205.370    113.300    242.620
      0.857   -380.880    596.290   -247.090    237.950     92.350    247.160
      0.929   -362.800    601.820   -229.400    264.140     60.950    246.410
      1.000   -343.240    605.110   -212.080    280.250     31.690    237.050
      1.071   -323.070    606.310   -195.680    286.970      2.230    220.340
      1.143   -302.630    605.510   -180.460    286.380    -25.050    203.530
      1.214   -282.300    602.800   -166.450    281.730    -52.480    187.350
      1.286   -262.510    598.350   -153.550    272.110    -69.070    174.830
      1.357   -243.440    592.970   -141.370    263.100    -81.370    164.230
      1.429   -224.820    586.630   -130.090    254.770    -96.020    150.040
      1.500   -207.000    579.290   -119.840    245.110   -107.110    139.560
      1.571   -189.860    571.280   -110.350    236.530   -115.570    129.370
      1.643   -173.310    562.800   -101.450    227.260   -122.170    120.650
      1.714   -157.360    553.790    -93.110    217.510   -130.950    111.990
      1.786   -142.180    544.240    -85.380    207.860   -135.640    104.840
      1.857   -127.660    534.380    -78.180    199.830   -141.590     97.950
      1.929   -113.680    524.080    -71.440    192.420   -147.220     90.720
      2.000   -100.280    513.290    -65.160    183.570   -154.600     84.610
      2.071    -87.650    502.070    -59.300    171.990   -157.620     79.870
      2.143    -75.620    490.810    -53.840    166.320   -158.310     72.280
      2.214    -64.010    479.390    -48.910    156.940   -161.960     68.590
      2.286    -52.990    467.630    -44.120    151.540   -164.910     64.510
      2.357    -42.370    455.610    -39.860    144.770   -169.670     59.250
      2.429    -32.360    443.390    -35.710    135.410   -170.240     56.590
      2.500    -23.050    431.110    -31.750    126.040   -175.610     52.460
      2.571    -14.370    418.440    -28.160    117.060   -179.500     46.750
      2.643     -6.230    405.460    -24.920    110.420   -185.110     44.100
      2.714      1.410    392.080    -22.000    103.150   -187.140     38.020
      2.786      8.550    378.720    -19.480     97.290   -189.940     33.890
      2.857     15.180    364.890    -17.100     88.110   -196.030     30.110
      2.929     20.970    350.710    -15.070     78.270   -199.910     26.310
      3.000     26.240    336.340    -13.360     68.410   -203.230     21.860
      3.071     30.750    321.630    -11.830     58.320   -208.470     19.790
      3.143     34.590    306.550    -10.600     47.570   -214.250     14.350
      3.214     37.540    291.160     -9.830     35.540   -217.960      9.520
      3.286     39.480    275.350     -9.440     21.440   -223.480      4.460
      3.357     40.420    259.290     -9.310      5.620   -227.840     -0.620
      3.429     40.080    242.860     -9.490    -14.110   -231.560     -6.820
      3.500     38.430    226.080    -10.260    -30.730   -238.430    -14.220
      3.571     35.480    208.810    -11.450    -53.540   -244.690    -20.570
      3.643     30.820    191.170    -13.310    -79.770   -245.960    -31.360
      3.714     23.940    173.660    -16.040   -113.650   -243.290    -44.070
      3.786     14.510    156.630    -19.640   -151.340   -232.400    -56.860
      3.857      2.410    140.770    -24.250   -186.670   -209.970    -70.890
      3.929    -12.040    126.700    -29.630   -218.920   -178.390    -81.090
      4.000    -28.700    115.660    -35.720   -246.920   -129.040    -85.230
      4.071    -47.000    108.360    -41.690   -259.140    -70.500    -79.680
      4.143    -65.310    105.750    -46.950   -249.880     -2.310    -66.680
      4.214    -82.130    108.190    -50.970   -218.290     68.080    -48.080
      4.286    -96.050    115.240    -53.680   -166.700    123.350    -28.890
      4.357   -105.710    125.340    -54.970   -104.780    155.560     -8.330
      4.429   -111.050    137.040    -55.000    -47.190    168.870      7.140
      4.500   -112.620    149.130    -54.150      1.380    169.230     15.800
      4.571   -111.130    161.110    -52.660     39.120    165.420     24.840
      4.643   -107.020    172.680    -50.690     72.180    159.970     30.230
      4.714   -100.840    183.840    -48.230    101.120    153.010     38.360
      4.786    -92.700    194.550    -45.050    126.120    145.730     49.240
      4.857    -82.820    204.720    -41.130    148.590    138.170     59.460
      4.929    -71.580    214.280    -36.410    165.740    129.910     72.310
      5.000    -59.140    223.300    -30.810    184.090    123.920     85.310
      5.071    -45.350    232.080    -23.970    204.880    121.350    106.620
      5.143    -29.810    240.410    -15.150    230.100    113.330    144.800
      5.214    -12.440    247.780     -2.540    255.320     86.040    213.090
      5.286      5.460    250.940     15.360    232.480     -5.740    276.750
      5.357     20.110    247.500     34.810    179.800    -80.460    259.610
      5.429     31.520    240.430     51.990    142.460   -112.200    220.780
      5.500     40.730    231.690     66.460    117.220   -131.490    184.760
      5.571     48.200    221.850     78.370     95.180   -142.820    155.400
      5.643     54.260    211.390     88.270     78.070   -150.040    126.830
      5.714     59.270    200.330     96.670     62.370   -158.270    104.760
      5.786     63.250    188.900    103.420     48.960   -162.390     81.440
      5.857     66.420    177.130    108.440     34.280   -167.610     58.400
      5.929     68.420    165.130    111.780     20.080   -167.480     36.080
      6.000     69.480    153.140    113.470      7.820   -168.470     12.190
      6.071     69.660    141.250    113.500     -4.040   -166.150    -10.720
      6.143     69.420    129.710    112.230    -19.770   -161.280    -37.570
      6.214     67.120    118.310    108.130    -31.610   -154.850    -65.580
      6.286     64.380    107.730    102.340    -48.630   -142.510    -98.230
      6.357     60.410     98.100     94.100    -63.290   -125.290   -131.000
      6.429     55.320     89.920     83.650    -77.230   -102.570   -164.020
      6.500     49.370     83.640     70.890    -90.590    -71.620   -196.330
      6.571     42.410     80.130     55.720   -102.140    -25.540   -230.140
      6.643     34.910     80.290     38.340   -108.360     34.770   -253.240
      6.714     27.220     85.640     19.990   -100.390    115.010   -254.350
      6.786     20.790     96.540      2.830    -75.710    185.980   -217.420
      6.857     16.600    111.400    -10.340    -39.870    224.720   -152.100
      6.929     15.020    127.750    -19.110     -8.560    230.500    -89.390
      7.000     15.480    143.820    -23.450     19.440    216.360    -37.620
      7.071     17.610    158.490    -24.620     39.670    195.220      3.320
      7.143     21.030    171.620    -23.300     55.530    171.610     35.950
      7.214     25.370    182.920    -19.780     65.860    145.640     62.700
      7.286     30.430    192.390    -14.370     76.840    119.280     86.370
      7.357     36.330    199.920     -7.560     85.990     90.570    104.010
      7.429     42.750    205.420      0.430     93.020     65.120    121.600
      7.500     49.610    208.960      9.590     99.110     33.500    134.660
      7.571     56.860    210.240     19.550    103.540      2.490    144.050
      7.643     64.200    209.300     30.200    103.500    -29.720    154.680
      7.714     71.550    205.990     41.510    103.630    -64.710    160.600
      7.786     78.960    200.160     53.170    105.320   -101.340    164.060
      7.857     86.350    191.600     64.770    102.680   -139.910    161.410
      7.929     93.590    179.930     76.210     97.520   -186.510    157.280
      8.000    100.270    165.030     86.970     89.420   -232.120    142.350
      8.071    106.070    146.570     96.340     72.440   -283.300    115.840
      8.143    110.320    124.720    103.050     45.980   -328.120     67.800
      8.214    112.330    100.300    105.400      9.520   -351.850     -5.420
      8.286    111.460     75.560    101.960    -35.510   -328.490    -89.540
      8.357    107.540     54.260     93.200    -71.040   -263.900   -150.520
      8.429    101.770     38.180     81.360    -85.540   -186.640   -178.800
      8.500     95.580     27.470     68.360    -86.790   -115.510   -181.700
      8.571     89.560     21.620     55.640    -81.380    -52.350   -172.910
      8.643     84.040     19.660     43.940    -73.790     -3.330   -151.830
      8.714     79.260     20.880     33.950    -57.480     37.350   -125.490
      8.786     75.720     24.800     26.060    -40.570     69.510    -96.830
      8.857     73.590     30.730     20.220    -22.010     95.420    -65.540
      8.929     72.740     38.320     16.780     -1.830    115.620    -30.370
      9.000     73.210     47.190     15.750     16.420    131.790      3.710
      9.071     75.120     56.920     17.280     37.650    140.960     40.050
      9.143     78.650     67.190     21.720     61.740    145.030     83.170
      9.214     83.820     77.390     29.280     85.280    140.930    127.960
      9.286     91.030     87.020     40.150    116.630    128.010    176.630
      9.357    100.640     95.170     54.610    150.410     97.950    229.560
      9.429    112.540    100.210     72.830    182.620     38.060    280.860
      9.500    126.640     99.860     94.130    209.310    -54.850    310.200
      9.571    141.790     91.630    115.850    206.170   -173.980    286.650
      9.643    155.290     76.150    133.690    166.390   -245.610    205.320
      9.714    165.470     57.880    145.470    118.180   -259.400    126.280
      9.786    172.310     39.880    151.970     75.750   -242.490     60.310
      9.857    176.600     23.660    154.530     43.580   -212.520     11.470
      9.929    178.640      9.710    153.950     15.140   -177.950    -26.770
     10.000    178.930     -1.640    150.930     -8.070   -139.670    -57.610
     10.071    177.670    -10.170    145.810    -29.490    -98.160    -84.560
     10.143    174.840    -15.620    139.140    -47.640    -53.700   -103.920
     10.214    170.890    -17.690    131.160    -62.470     -2.540   -118.510
     10.286    165.910    -15.950    122.400    -75.480     53.480   -124.860
     10.357    160.120     -9.760    113.510    -83.640    119.050   -123.510
     10.429    154.060      1.470    105.260    -83.330    195.580   -103.730
     10.500    148.760     18.260     99.580    -60.050    273.980    -49.950
     10.571    146.400     39.940     99.110     -1.480    316.880     42.350
     10.643    148.830     61.530    105.700     68.180    275.090    135.700
     10.714    155.430     78.250    117.250    112.520    192.190    180.380
     10.786    164.450     89.010    130.700    134.950    109.150    191.890
     10.857    174.380     94.220    144.330    142.960     38.270    186.940
     10.929    184.530     94.730    157.020    138.410    -24.080    169.160
     11.000    194.190     91.020    168.360    131.680    -78.990    145.340
     11.071    203.020     83.670    177.580    116.370   -125.240    113.790
     11.143    210.650     73.200    184.360     95.000   -166.580     77.810
     11.214    216.430     60.110    188.290     66.370   -198.850     33.530
     11.286    219.890     45.090    188.990     31.750   -222.290    -16.120
     11.357    220.700     28.680    185.630    -12.110   -234.830    -78.420
